0
-1
-1
-2
0
2
9
16
23
26
27
25
21
13
5
-6
-13
-24
-30
-35
-34
-34
-28
-21
-11
-3
7
16
23
26
27
25
21
13
5
-6
-13
-24
-30
-35
-34
-34
-28
-21
-11
-3
7
16
23
27
28
26
22
15
6
-5
-12
-23
-30
-35
-34
-34
-28
-21
-11
-3
7
16
23
27
28
26
22
14
5
-6
-13
-24
-30
-35
-34
-34
-28
-21
-11
-3
7
16
23
26
27
25
21
13
5
-5
-12
-22
-28
-33
-33
-34
-29
-23
-13
-5
6
14
22
25
26
24
21
13
5
-6
-13
-24
-30
-36
-35
-36
-30
-23
-12
-5
6
15
22
26
28
27
23
15
6
-4
-12
-22
-28
-33
-33
-34
-29
-22
-12
-4
7
16
23
26
27
25
21
14
6
-5
-12
-23
-30
-36
-35
-35
-29
-22
-11
-4
6
15
22
26
28
27
23
15
6
-5
-13
-23
-29
-34
-33
-33
-28
-21
-11
-3
7
15
22
25
26
25
22
15
7
-4
-12
-22
-29
-35
-34
