0
-1
-1
-2
-1
0
3
7
10
11
11
10
8
4
0
-6
-9
-15
-17
-20
-18
-19
-15
-12
-7
-3
2
7
10
11
11
10
8
4
0
-6
-9
-15
-17
-20
-18
-19
-15
-12
-7
-3
2
7
10
12
12
11
9
6
1
-5
-8
-14
-17
-20
-18
-19
-15
-12
-7
-3
2
7
10
12
12
11
9
5
0
-6
-9
-15
-17
-20
-18
-19
-15
-12
-7
-3
2
7
10
11
11
10
8
4
0
-5
-8
-13
-15
-18
-17
-19
-16
-14
-9
-5
1
5
9
10
10
9
8
4
0
-6
-9
-15
-17
-21
-19
-21
-17
-14
-8
-5
1
6
9
11
12
12
10
6
1
-4
-8
-13
-15
-18
-17
-19
-16
-13
-8
-4
2
7
10
11
11
10
8
5
1
-5
-8
-14
-17
-21
-19
-20
-16
-13
-7
-4
1
6
9
11
12
12
10
6
1
-5
-9
-14
-16
-19
-17
-18
-15
-12
-7
-3
2
6
9
10
10
10
9
6
2
-4
-8
-13
-16
-20
-18
